1 Cepina 5142100 1604150 -9999 -9999 -9999 Adda
2 Chiesa_Valmalenco 5123950 1564750 -9999 -9999 -9999 Mallero
3 Le_Prese_Sondalo 5133870 1604270 -9999 -9999 -9999 Adda
4 Aquilone_Valdisotto 5139560 1604160 -9999 -9999 -9999 Adda
5 Prese_Adda_Valdidentro 5148750 1603900 -9999 -9999 -9999 Adda
6 Prese_Frodolfo_Valfurva 5146650 1606980 -9999 -9999 -9999 Frodolfo
7 Prese_Viola_Valdidentro 5148550 1603900 -9999 -9999 -9999 Viola_Bormina
15 Spriana 5118510 1566620 -9999 -9999 -9999 Mallero
16 Sondrio_Eiffell 5113150 1566730 -9999 -9999 -9999 Mallero
17 Galleria1_Valdisotto 5139500 1604100 -9999 -9999 -9999 Adda
18 Galleria2_Valdisotto 5139500 1604100 -9999 -9999 -9999 Adda
63 Curlo_Lanzada 5125050 1565700 -9999 -9999 -9999 Mallero
64 Ganda_di_Lanzada 5124670 1568140 -9999 -9999 -9999 Mallero
65 Torre_S_Maria 5120590 1565840 -9999 -9999 -9999 Mallero
92 Morbegno 5109273 1543546 -9999 -9999 -9999 Bitto
95 Cedrasco 5110962 1559075 -9999 -9999 -9999 Cervio
98 Tirano 5118836 1588971 -9999 -9999 -9999 Poschiavino
104 Piazza_Brembana 5088360 1551742 -9999 -9999 -9999 Brembo
106 Lenna 5088248 1553840 -9999 -9999 -9999 Brembo
109 Edolo 5114270 1601543 -9999 -9999 -9999 Oglio
123 Villa_di_Chiavenna 5131084 1539437 -9999 -9999 -9999 Mera
3118 Milano-Niguarda 5041401 1515038 150 150 230 Seveso
8099 Arena_Po-Spessa 4994326 1527245 450 550 650 Po
8101 Borgoforte-SS_12 4989506 1638309 500 600 700 Po
8107 Idro-SS_237 5065966 1613799 -9999 -9999 -9999 Lago_Idro
8110 Gavardo-SP_116 5049787 1612430 173 306 351 Chiese
8112 Gera_Lario-Fuentes 5110853 1531863 265 289 312 Adda
8113 Golasecca-Miorina 5060425 1472693 -9999 -9999 -9999 Ticino
8114 Lodi-v._X_Maggio 5018543 1539897 90 127 190 Adda
8117 Lozza-Ponte_Vedano 5069182 1489817 176 197 226 Olona
8118 Castellanza-C.so_G._Matteotti 5050428 1492810 180 190 242 Olona
8119 Cantu-Asnago 5062800 1507837 134 155 200 Seveso
8120 Lesmo-Peregallo 5053579 1523339 134 176 245 Lambro
8121 Paderno_Dugnano-Palazzolo 5047728 1512428 160 180 245 Seveso
8124 Caslino_d_Erba-v._4_novembre 5075805 1518073 265 295 330 Lambro
8125 Milano-v.Feltre 5037616 1519463 188 233 308 Lambro
8128 Brembate_di_Sopra-Ponte_Briolo 5062040 1545747 -9999 -9999 -9999 Brembo
8129 Isola_S._Antonio-SS_42 4986966 1486070 550 650 800 Po
8141 Bovegno-ponte_Zigole 5070555 1598223 -9999 -9999 -9999 Mella
8142 Darfo_Boario_Terme-SS_42 5080362 1589780 266 318 456 Oglio
8143 Capriolo-SP12 5055346 1571414 13 36 75 Oglio
8147 Montodine-ponte 5014663 1555804 68 155 209 Serio
8148 Costa_Masnaga-Lambrugo 5067778 1519408 140 180 285 Lambro
8153 Vigevano-SS494 5021002 1490663 -9999 -9999 -9999 Ticino
8154 Sermide-SP_91 4987406 1680521 700 800 900 Po
8158 Cremona-SP_10 4997770 1578294 220 320 420 Po
8177 Lomello-SS_211 4996723 1484255 194 229 315 Agogna
8181 Soncino-v._Brescia 5027694 1569706 93 122 234 Oglio
8192 Voghera-v._Cambiaso 4981890 1501407 200 250 300 Staffora
8210 Manerbio-v.Dante 5023574 1589748 331 400 550 Mella
8380 Luino-v._Piero_Chiara 5094560 1480106 -9999 -9999 -9999 Verbano
8382 Como_Villa_Geno 5074100 1506234 -9999 -9999 -9999 Lario
8383 Olginate-S.Maria_Lavello 5070764 1533460 303 375 489 Adda
8384 Ponti_sul_Mincio-Monzambano 5028006 1633589 -9999 -9999 -9999 Mincio
8385 Sarnico-v._Roma 5057410 1574566 -9999 -9999 -9999 Sebino
8386 Valmadrera-Malgrate 5078122 1529111 -9999 -9999 -9999 Lario
8394 Pizzighettone-ponte_Trento_e_Trieste 5003974 1561271 132 181 233 Adda
8546 Pavia-SS_35 5003046 1511548 308 308 578 Ticino
9079 Camerata_Cornello-via_Orbrembo_37 5083004 1551106 252 309 370 Brembo
9082 Cene-Ponte 5070421 1563888 81 169 196 Serio
9083 Gandellino-Grabiasca 5095357 1573427 196 210 225 Serio
9084 Molteno-Cimitero 5070006 1523899 197 230 350 Bevera
9086 Porlezza-Ponte_Cuccio 5098377 1510936 -9999 -9999 -9999 Cuccio
9087 Cavaria_con_Premezzo-v._Cantalupa 5059587 1485053 240 240 240 Arno
9842 Samolaco_C.Adda 5121033 1531290 -9999 -9999 -9999 Mera
11099 Porlezza-via_Porto_Letizia 5098106 1508993 -9999 -9999 -9999 Ceresio
11165 Asola-v._Carducci 5008437 1610543 355 520 583 Chiese
11988 Chiavenna-Inferno 5130299 1529019 394 413 490 Liro
14021 Orio_Litta-SS234 5001516 1541847 -9999 -9999 -9999 Lambro
14024 Sesto_Calende-alzaia 5063485 1471836 -9999 -9999 -9999 Verbano
14129 Teglio-S._Giacomo 5112211 1580180 387 479 544 Adda
14170 Bosisio_Parini-Imbarcadero 5072287 1522339 -9999 -9999 -9999 Eupilio
14301 Gambolo-via_Roma 5010506 1489302 -9999 -9999 -9999 Terdoppio
14304 Rivolta_d_Adda-SP_4 5035982 1538972 95 129 182 Adda
14307 Locate_di_Triulzi-v._Staffora 5022903 1515904 -9999 -9999 -9999 Lambro_meridionale
14310 Salerano_sul_Lambro-SP115 5016406 1529878 400 465 653 Lambro
14313 Calvisano-Mezzane 5022547 1609894 268 340 374 Chiese
14497 Gera_Lario-Ponte_del_Passo 5113349 1531320 -9999 -9999 -9999 Mera
14565 Capo_di_Ponte-v.Bona 5098321 1603877 290 330 420 Oglio
14624 Castiglione_Olona-v._XXIV_Maggio 5067267 1489614 181 270 305 Olona
14759 Darfo_Boario_Terme-Cav._Vittorio_Veneto 5081022 1591103 -9999 -9999 -9999 Oglio
30523 Lainate-SP_109 5046749 1503787 -9999 -9999 -9999 Lura
