11165 11165 ASOLA_IDRO 20170613 1610543 5008437 Chiese 2017-09-13 09:40 26 3.93 0.03 30 1 4 4 0.79 0.79
8141 8141 BOVEGNO 20170613 1598223 5070555 Mella 2017-09-13 09:40 28 2.25 0.015 26 1 2 2 -0.94 -0.94
9079 9079 CAMERATA_CORNEL 20160212 1551106 5083004 Brembo 2017-09-13 09:40 30 2.29 0.045 44 2 14 14 0.31 0.31
8119 8119 CANTU_ASNAGO 20170428 1507838 5062800 seveso 2017-09-13 09:40 64 1.4 0.01 60 1 4 4 0.43 0.43
14565 14565 CAPO_DI_PONTE_I 20160823 1603877 5098321 Oglio 2017-09-13 09:40 30 2.98 0.02 30 1 0 1 1.00 1.00
8143 8143 CAPRIOLO 20170314 1571414 5055346 Oglio 2017-09-13 09:40 52 2.57 0.06 60 2 8 8 -1.50 -1.50
8124 8124 CASLINO_ERBA 20170210 1518073 5075805 lambro 2017-09-13 09:40 30 3.09 0.02 26 1 4 4 0.27 0.27
8118 8118 CASTELLANZA 20170428 1492810 5050428 olona 2017-09-13 09:10 84 2.01 0.015 78 1 6 6 0.47 0.47
14624 14624 CASTIGLIONE_OLO 20170522 1489614 5067267 olona 2017-09-13 09:40 96 1.59 0.04 80 3 16 16 0.50 0.50
9087 9087 CAVARIA 20170111 1485053 5059587 arno 2017-09-13 09:40 98 1.76 0.03 74 2 24 24 0.17 0.17
1 1 CEPINA 20170324 1604150 5142100 Adda 2017-09-13 09:40 26 1.75 0.025 58 1 32 32 0.23 0.23
11988 11988 CHIAVENNA_INFER 20161201 1529019 5130299 Liro 2017-09-13 09:40 20 3.87 0.03 30 1 10 10 0.33 0.33
1437 1437 CONFINALE 20141007 1612947 5144316 Confinale 2017-09-13 09:40 16 0.63 0.01 14 2 2 2 0.37 0.37
14759 14759 DARFO_CAVALIERI 20160823 1591103 5081022 Oglio 2017-09-13 09:40 18 1.16 0.085 40 7 22 23 0.69 0.69
8112 8112 FUENTES 20170607 1531863 5110854 Adda 2017-09-13 09:40 14 2.08 0.11 30 5 16 16 1.37 1.37
14301 14301 GAMBOLO 20170418 1489302 5010506 terdoppio 2017-09-13 09:40 14 1.09 0.05 24 5 10 11 0.62 0.62
8110 8110 GAVARDO 20170222 1612431 5049788 Chiese 2017-09-13 09:40 68 2.88 0.02 64 1 4 4 0.71 0.71
9083 9083 GRABIASCA 20170314 1573427 5095357 Serio 2017-09-13 09:40 24 2.46 0.045 20 2 4 4 0.57 0.57
30523 30523 LAINATE_SP109 20170103 1503787 5046749 Lura 2017-09-13 09:40 28 1.187 0.025 18 2 10 10 0.22 0.22
8148 8148 LAMBRUGO 20170210 1519408 5067778 lambro 2017-09-13 09:40 18 2.07 0.04 16 2 2 2 0.71 0.71
14307 14307 LOCATE_TRIULZI 20170518 1515901 5022901 lambro_Meridionale 2017-09-13 09:40 36 2.59 0.03 42 1 6 6 0.07 0.07
8114 8114 LODI 20170809 1539864 5018493 Adda 2017-09-13 09:40 34 3.25 0.02 34 1 0 1 -1.22 -1.22
8210 8210 MANERBIO 20170803 1589748 5023574 Mella 2017-09-13 09:40 56 4.42 0.09 70 2 14 14 0.99 0.99
8545 8545 MARCARIA 20170726 1620555 4996610 Oglio 2017-09-13 03:30 64 6.34 0.14 56 2 8 8 0.58 0.58
8125 8125 MILANO_P_FELTRE 20170515 1519463 5037617 lambro 2017-09-13 09:40 46 2.45 0.01 48 0 2 2 0.68 0.68
8113 8113 MIORINA 20170807 1472694 5060426 Ticino 2017-09-13 09:40 18 1.71 0.015 18 1 0 1 2.61 2.61
9084 9084 MOLTENO 20170414 1523899 5070006 Bevera 2017-09-13 09:30 68 2.56 0.005 68 0 0 0 0.02 0.02
3002 3002 MONTODINE_BODES 20170710 1555804 5014663 Serio 2017-09-13 09:40 16 3.14 0.11 20 4 4 5 -0.02 -0.02
8384 8384 MONZAMBANO 20170615 1633589 5028006 Mincio 2017-09-13 09:40 84 1.17 0.04 62 3 22 22 0.33 0.33
3118 3118 NIGUARDA 20160524 1515038 5041401 Seveso 2017-09-13 09:40 94 5.09 0.095 42 2 52 52 -0.01 -0.01
8618 8618 OSTIANO 20170726 1597627 5007976 Oglio 2017-09-13 09:40 52 5.5 0.12 44 2 8 8 -0.44 -0.44
8121 8121 PALAZZOLO 20170228 1512429 5047728 Seveso 2017-09-13 09:40 76 4.14 0.135 24 3 52 52 -0.10 -0.10
8120 8120 PEREGALLO 20170801 1523339 5053579 lambro 2017-09-13 09:40 54 3.08 0.06 66 2 12 12 0.16 0.16
3032 3032 PIZZIGHETTONE_P 20170508 1561247 5003967 Adda 2017-09-13 09:40 16 2.93 0.03 16 1 0 1 0.19 0.19
8128 8128 PTE_BRIOLO 20170831 1545747 5062040 Brembo 2017-09-13 09:40 36 4.87 0.14 54 3 18 18 1.21 1.21
9082 9082 PTE_CENE 20170615 1563914 5070459 Serio 2017-09-13 09:40 38 2.75 0.01 34 0 4 4 0.10 0.10
14304 14304 RIVOLTA_ADDA 20170906 1538972 5035982 Adda 2017-09-13 09:40 46 2.67 0.005 48 0 2 2 -0.98 -0.98
14310 14310 SALERANO_AL_LAM 20170911 1529878 5016406 lambro 2017-09-13 09:40 22 3.33 0.065 18 2 4 4 1.47 1.47
8383 8383 S_MARIA_LAVELLO 20170601 1533460 5070764 Adda 2017-09-13 09:40 20 2.9 0.05 22 2 2 2 2.27 2.27
8181 8181 SONCINO 20170831 1569706 5027700 Oglio 2017-09-13 09:40 60 1.92 0.05 54 3 6 6 0.29 0.29
16 16 SONDRIO_PTE_EIF 20170302 1567200 5113100 Mallero 2017-09-13 09:40 40 1.5 0.07 64 5 24 24 0.38 0.38
14129 14129 TEGLIO_S_GIACOM 20170607 1580180 5112211 Adda 2017-09-13 09:40 32 3.57 0.04 40 1 8 8 0.73 0.73
8153 8153 VIGEVANO 20170808 1490663 5021002 Ticino 2017-09-13 09:40 24 3.02 0.185 16 6 8 10 -0.70 -0.70
8192 8192 VOGHERA 20161214 1501407 4981890 Staffora 2017-09-13 09:40 98 2.91 0.01 98 0 0 0 0.39 0.39
