8112 FUENTES 2num 127.116 -0.308 2.089 0.308 1.03 188.359 -0.525 1.573 1.03 4 20140101
8383 S_MARIA_LAVELLO 1num 49.581 0.0 1.783 0.0 5.5 20160219
8110 GAVARDO 2num 77.44 0 3.232 0 0.64 107.58 -0.36 1.3917 0.64 1.8 20140101
9084 MOLTENO 1num 4.782 0.075 1.316 -0.07 2,80 20140101
9079 CAMERATA_CORNEL 2num 94.131 0.163 3.168 -0.2 0.32 76.35 -0.014 1.77 0.32 2.5 20140101
11165 ASOLA_IDRO 2num 6.097 0.639 4.175 0.05 0.84 39.203 0 1.331 0.84 4.0 20140101
8124 CASLINO_ERBA 1num 21.89 -0.108 1.66 0.11 1.5 20140101
8148 LAMBRUGO 1num 24.261 -0.348 0.992 0.36 2.78 20140101
8125 MILANO_P_FELTRE 2num 27.743 -0.215 1.491 0.22 2.33 108.481 -1.922 0.276 2.33 3.85 20150101
8120 PEREGALLO 2num 26.367 0.181 1.68223 -0.15 1.3 93.151 -1.168 0.2903 1.3 3.0 20141201
14310 SALERANO_AL_LAM 2num 16.755 0.121 1.787 0 2.95 45.145 -0.522 1.143 2.95 7 20141101
14307 LOCATE_TRIULZI 1num 25.189 0.664 1.356 -0.6 2.5 20141124
8210 MANERBIO 1num 32.051 -0.495 1.407 0.5 6.0 20140101
8143 CAPRIOLO 1num 27.786 2.413 2.175 -2.3 1 20140101
14565 CAPO_DI_PONTE_I 1num 15.872 -0.0914 2.361 0.5 3.5 20140101
14759 DARFO_CAVALIERI 1num 47.691 -0.092 2.045 0.49 1.34 20150722
8545 MARCARIA 1num 27.037 1.727 1.74 -1.5 6.0 20140101
8618 OSTIANO 1num 49.15 2.112 1.243 -1.80 3.5 20140101
8181 SONCINO 2num 54.737 0.535 3.548 -0.1 0.01 119.785 0.148 1.587 0.01 2.0 20140101
9083 GRABIASCA 2num 25.83 0.00002 3.939 0 0.64 14.14 0.0000279 2.621 0.64 3 20140415
8114 LODI 2num 101.88 2.493 1.956 -2.2 -0.55 730.49 0.768 0.525 -0.55 3.5 20140101
14304 RIVOLTA_ADDA 1num 165.079 1.71 1.706 -1.5 1.5 20160101
1 CEPINA 1num 36.483 -0.0846 1.944 -0.2 2.5 20140815
14129 TEGLIO 1num 36.104 0.704 1.565 -1 3.0 20140101
8177 LOMELLO 3num 47.49 -0.498 0.813 0.53 0.85 8.068 0.574 2.569 0.85 1.4 28.119 -0.094 1.841 1.4 3.50 20150101
9087 CAVARIA 4num 17.314 -0.14 2.066 0.15 0.37 8.638 -0.34 0.682 0.37 0.585 13.675 0.0371 3.022 0.585 0.86 41.353 -0.624 1 0.86 1.55 20140101
11988 CHIAVENNA_INFER 1num 5.841 0.461 2.946 0 4 20140101
16 SONDRIO_PTE_EIF 1num 49.728 -0.056 1.670 0 2.2 20140101
8141 BOVEGNO 1num 12.674 1.352 2.098 -1.3 1.30 20140101
14624 CASTIGLIONE_OLO 1num 12.291 -0.307 1.334 0 2 20170101
8384 MONZAMBANO 1num 34.737 0.0265 1.673 0 2.7 20140101
8119 CANTU_ASNAGO 2num 13.751 -0.243 1.30 0.21 2.19 20170101
14301 GAMBOLO 1num 24.291 -0.031 1.661 0.27 1.50 20150101
8118 CASTELLANZA 1num 20.76 -0.254 1.501 0.35 2.0 20141104
8192 VOGHERA 3num 6.582 -0.4 2.604 0.28 0.76 27.69 -0.695 1.5 0.76 0.945 20.255 -0.518 2.093 0.945 4.10 20150101
9082 PTE_CENE 2num 0.0027 3.599 6.889 -1 0.086 160.627 0.139 1.332 0.086 2.1 20140101
3092 ORIO_LITTA_FRAN 1num 26.085 -2.225 2.22 3.0 9.0 20160127
3002 MONTODINE_BODES 1num 25.303 1.531 2.161 -1.5 1.5 20150101
3032 PIZZIGHETTONE_P 1num 32.364 2.545 2.584 -1.5 1.5 20150101
8128 PTE_BRIOLO 1num 53.804 -0.530 1.619 0.0 7.0 20140401
30523 LAINATE_SP109 2num 0.5152 0.79 8.354 0.185 0.385 16.786 -0.222 1.159 0.385 1.31 20140929
8153 VIGEVANO 1num 554.58 1.48 1.69 -1.3 0.5 20150101
